[[0, 31278, 29741, 31041, 28908, 31707, 29159, 27605, 31249, 23949, 30979, 24674, 23590, 29457, 26758, 28032, 32002, 23125, 33014, 20922, 20226, 16356, 28934, 12665, 14284],
 [29535, 0, 1310, 1324, 3561, 3039, 12246, 3443, 1977, 3613, 3100, 6246, 4464, 5707, 4193, 5112, 3956, 3749, 3668, 5483, 6453, 6216, 7073, 6079, 5693],
 [28704, 1065, 0, 1599, 3459, 2936, 12540, 2612, 2759, 2782, 3226, 5415, 3626, 5605, 3362, 5010, 4250, 2918, 3572, 4652, 5622, 5083, 6971, 5248, 4862],
 [29611, 1054, 1387, 0, 3638, 3115, 13300, 3519, 3031, 3690, 4154, 6323, 4541, 5784, 4270, 5188, 5010, 3826, 2651, 5560, 6529, 6293, 7149, 6156, 5769],
 [27146, 4418, 2981, 4181, 0, 4847, 13710, 1059, 4666, 2979, 4396, 3857, 3890, 4355, 1791, 2096, 5420, 2155, 6154, 3873, 4069, 6253, 5721, 5040, 4654],
 [29224, 3342, 2742, 3105, 2657, 0, 15812, 3161, 5319, 5045, 6498, 5935, 5993, 4803, 3869, 4208, 7522, 4257, 5078, 5976, 6189, 8356, 6169, 7143, 6756],
 [37194, 12248, 13231, 14410, 16063, 15540, 0, 13064, 10499, 12859, 9563, 15867, 12203, 17347, 13814, 15089, 8488, 14160, 14157, 16423, 16074, 11131, 18713, 15264, 13191],
 [26887, 4773, 3358, 4536, 3682, 5280, 13920, 0, 4877, 1920, 4606, 3598, 2832, 5065, 1532, 2806, 5630, 1096, 6509, 2815, 3010, 4731, 6430, 3982, 3595],
 [30944, 1977, 3287, 3180, 5538, 5016, 10498, 4852, 0, 4158, 1351, 7655, 3503, 7684, 5603, 6877, 2208, 5948, 3658, 7666, 7862, 5425, 9050, 7486, 6278],
 [28866, 4239, 2824, 4003, 5655, 5133, 12263, 2774, 3375, 0, 2713, 5578, 1036, 7058, 3525, 4799, 3736, 2303, 5975, 4309, 5784, 2795, 8423, 3668, 2988],
 [29848, 3100, 3924, 5103, 6755, 6233, 9569, 3756, 1351, 2938, 0, 6560, 2282, 8040, 4507, 5781, 1279, 4852, 5009, 6571, 6766, 4073, 9405, 6136, 4927],
 [24917, 7567, 8142, 7330, 6566, 6336, 18693, 6006, 9650, 8216, 9380, 0, 9780, 4784, 5158, 6433, 10403, 7102, 9303, 6495, 7569, 11237, 4260, 8612, 9601],
 [29461, 4155, 3547, 4725, 6378, 5855, 11566, 3369, 3444, 970, 2346, 6172, 0, 7652, 4119, 5393, 3321, 3594, 6698, 5050, 6379, 2097, 9018, 3930, 3128],
 [27432, 4839, 4239, 4603, 3838, 3609, 16947, 4296, 6817, 6216, 7633, 4169, 7127, 0, 4614, 4953, 8657, 5392, 6576, 7110, 6934, 9490, 1696, 8277, 7891],
 [27622, 5504, 4903, 5267, 2151, 4273, 14600, 1949, 5557, 3869, 5286, 4333, 4780, 3533, 0, 1274, 6310, 3045, 7240, 4763, 4587, 7143, 4899, 5930, 5544],
 [27706, 4520, 3919, 4283, 3519, 3289, 16149, 3497, 6497, 5417, 6835, 4443, 6329, 2549, 3815, 0, 7859, 4593, 6256, 6312, 6136, 8692, 3915, 7479, 7093],
 [30864, 3956, 4940, 6118, 7771, 7248, 8505, 4772, 2208, 3904, 1271, 7576, 3249, 9056, 5523, 6797, 0, 5868, 5865, 7587, 7782, 4601, 10421, 7102, 5893],
 [27830, 4673, 3257, 4436, 4626, 5566, 13348, 2394, 4776, 1819, 4505, 4542, 2114, 6008, 2475, 3749, 5529, 0, 6409, 2452, 3954, 4013, 7374, 3264, 2878],
 [31783, 3225, 3558, 2171, 5809, 5286, 14155, 5691, 3658, 5861, 5009, 8494, 6712, 7955, 6441, 7360, 5865, 5997, 0, 7731, 8701, 8464, 9321, 8327, 7940],
 [20405, 5986, 4571, 5750, 3415, 5537, 14587, 1908, 5544, 3133, 5273, 3307, 4045, 4798, 1253, 2539, 6297, 2309, 7722, 0, 2225, 5944, 6163, 3265, 4369],
 [20314, 6576, 5160, 6339, 3967, 6090, 15177, 2498, 6133, 3723, 5863, 3860, 4634, 5350, 1805, 3091, 6887, 2899, 8312, 2551, 0, 6533, 6715, 3855, 4959],
 [15337, 7308, 6250, 7429, 9081, 8559, 12465, 6019, 5847, 3669, 4496, 8822, 3004, 9661, 6769, 7402, 4253, 4962, 9402, 4907, 7089, 0, 11027, 3748, 2037],
 [27276, 6216, 5615, 5979, 5215, 4985, 19517, 5672, 8193, 7592, 10203, 4013, 8504, 1908, 5982, 6329, 11227, 6768, 7952, 8487, 8311, 12060, 0, 9654, 9267],
 [18723, 6952, 5536, 6715, 4794, 6916, 16186, 3287, 6922, 3936, 6652, 4686, 4090, 6176, 2632, 3917, 7676, 3274, 8688, 1422, 3604, 6216, 7542, 0, 2909],
 [20681, 6116, 4701, 5880, 7532, 7010, 13926, 4794, 5492, 2241, 4090, 6679, 2097, 8169, 4625, 5910, 4464, 3470, 7853, 3415, 5596, 2621, 9534, 2255, 0]]



 [[0, 31278, 29741, 31041, 28908, 31707, 29159, 31249, 23949, 30979, 24674, 15765, 29457, 26758, 32002, 23125, 33014, 13570, 20226, 12665], 
 [29535, 0, 1310, 1324, 3561, 3039, 12246, 1977, 3613, 3100, 6246, 4464, 5707, 4193, 3956, 3749, 3668, 5483, 6453, 6079], 
 [28704, 1065, 0, 1599, 3459, 2936, 12540, 2759, 2782, 3226, 5415, 3626, 5605, 3362, 4250, 2918, 3572, 4652, 5622, 5248], 
 [29611, 1054, 1387, 0, 3638, 3115, 13300, 3031, 3690, 4154, 6323, 4541, 5784, 4270, 5010, 3826, 2651, 5560, 6529, 6156], 
 [27146, 4418, 2981, 4181, 0, 4847, 13710, 4666, 2979, 4396, 3857, 3890, 4355, 1791, 5420, 2155, 6154, 3873, 4069, 5040], 
 [29224, 3342, 2742, 3105, 2657, 0, 15812, 5319, 5045, 6498, 5935, 5993, 4803, 3869, 7522, 4257, 5078, 5976, 6189, 7143],
 [37194, 12248, 13231, 14410, 16063, 15540, 0, 10499, 12859, 9563, 15867, 12203, 17347, 13814, 8488, 14160, 14157, 16423, 16074, 15264],
 [30944, 1977, 3287, 3180, 5538, 5016, 10498, 0, 4158, 1351, 7655, 3503, 7684, 5603, 2208, 5948, 3658, 7666, 7862, 7486],
 [28866, 4239, 2824, 4003, 5655, 5133, 12263, 3375, 0, 2713, 5578, 1036, 7058, 3525, 3736, 2303, 5975, 4309, 5784, 3668],
 [29848, 3100, 3924, 5103, 6755, 6233, 9569, 1351, 2938, 0, 6560, 2282, 8040, 4507, 1279, 4852, 5009, 6571, 6766, 6136], 
 [24917, 7567, 8142, 7330, 6566, 6336, 18693, 9650, 8216, 9380, 0, 9780, 4784, 5158, 10403, 7102, 9303, 6495, 7569, 8612],
 [29461, 4155, 3547, 4725, 6378, 5855, 11566, 3444, 970, 2346, 6172, 0, 7652, 4119, 3321, 3594, 6698, 5050, 6379, 3930],
 [27432, 4839, 4239, 4603, 3838, 3609, 16947, 6817, 6216, 7633, 4169, 7127, 0, 4614, 8657, 5392, 6576, 7110, 6934, 8277],
 [27622, 5504, 4903, 5267, 2151, 4273, 14600, 5557, 3869, 5286, 4333, 4780, 3533, 0, 6310, 3045, 7240, 4763, 4587, 5930],
 [30864, 3956, 4940, 6118, 7771, 7248, 8505, 2208, 3904, 1271, 7576, 3249, 9056, 5523, 0, 5868, 5865, 7587, 7782, 7102],
 [27830, 4673, 3257, 4436, 4626, 5566, 13348, 4776, 1819, 4505, 4542, 2114, 6008, 2475, 5529, 0, 6409, 2452, 3954, 3264], 
 [31783, 3225, 3558, 2171, 5809, 5286, 14155, 3658, 5861, 5009, 8494, 6712, 7955, 6441, 5865, 5997, 0, 7731, 8701, 8327], 
 [20405, 5986, 4571, 5750, 3415, 5537, 14587, 5544, 3133, 5273, 3307, 4045, 4798, 1253, 6297, 2309, 7722, 0, 2225, 3265], 
 [20314, 6576, 5160, 6339, 3967, 6090, 15177, 6133, 3723, 5863, 3860, 4634, 5350, 1805, 6887, 2899, 8312, 2551, 0, 3855], 
 [18723, 6952, 5536, 6715, 4794, 6916, 16186, 6922, 3936, 6652, 4686, 4090, 6176, 2632, 7676, 3274, 8688, 1422, 3604, 0]]